c<-c(10,5,3)